759766
759481
759469
759470
684382
759465
759480
759472
759471
759475
452971
599734
385077
237021
232876
425572
759486
759560
717292
722282
306428
559963
731072
28918
143219
759544
759526
759529
759552
759561
759521
407049
74740
1495
425808
424202
424581
424677
425010
424990
424995
425454
327903
759581
759595
397798
209766
746724
642716
761658
759592
642719
7320
759590
759589
759582
759594
759593
759588
759601
759793
759584
759586
759585
759602
397803
397805
397808
667399
759803
759607
353517
124001
559921
559923
564307
452975
26459
167449
364532
635563
432292
173654
529929
759786
9687
385154
759622
535080
759611
759617
8908
397814
414587
209762
494060
759632
759825
759637
307077
746750
759654
759663
759655
759668
759718
759638
759720
759661
759657
759710
759670
759659
407053
4294
759678
759674
759677
759671
759673
759669
759692
759690
509074
759676
759691
762933
605701
619363
407054
407055
407056
619364
69423
759683
759682
759717
759686
759680
759685
759681
759703
641963
641965
407057
642749
759747
759758
210013
642804
760445
759824
759774
759744
759745
156109
759812
759797
759802
759810
759808
746912
746917
759807
746903
759804
759783
759801
759811
759806
759800
759809
759813
759799
759790
185938
452995
328223
762932
759818
759817
759845
759844
759848
759835
759819
759820
601325
759850
642786
452996
759863
759829
759821
759823
759858
759865
759895
759874
759861
759888
109342
407997
230229
229641
759873
397996
210007
759896
759897
759887
759886
759889
759864
209996
209987
14807
12077
478751
446665
759920
759925
759924
759922
759933
759911
759903
210081
759909
759910
762911
759905
759957
759917
759902
642833
642834
759954
721522
759952
759943
759945
759955
759936
559974
559975
559977
559978
355855
473714
134483
24267
648152
585760
572919
642322
40415
720864
124859
486665
624892
721525
230231
559190
153074
173745
759987
760002
398060
407062
229285
229286
760061
229452
229191
759992
760056
760008
760237
760012
759991
759979
759989
641968
602224
572760
760026
760025
760009
760018
760029
760023
760028
760024
760031
357139
433721
433813
339258
180759
260040
535057
536721
535140
760098
760042
760045
760044
398085
453033
453035
453037
502462
571938
760079
540451
131613
551904
570288
724203
757355
328462
760097
760093
760077
760116
207883
760110
760090
760108
760112
760124
760073
760103
760074
760119
210076
156336
572761
325442
580128
760133
760139
23118
575787
466093
468475
53598
587324
760200
355859
757358
757432
378517
757435
721193
721221
721320
721930
722243
722562
723935
725080
152022
378521
183967
760163
476612
93632
490796
760165
760197
760201
760180
760581
760157
760170
760177
168207
453074
760175
210262
760181
611485
760214
760239
760206
760195
760235
760231
760229
398162
210422
242582
760258
760251
760250
760255
760253
760244
760241
321787
210406
127586
760259
764320
718090
12664
453075
132354
343195
453080
453085
43714
429093
429094
760288
760281
760283
760285
760326
760282
210468
580156
760317
760291
760386
627298
760876
760292
760286
764327
407067
110597
760296
760298
760294
760295
760312
760318
760345
244370
106905
453094
377198
378518
377206
377210
611932
760366
760368
760339
760378
760365
760375
760364
760346
760343
398195
760392
719013
719039
760399
766348
6009
6014
6016
566473
763184
760414
760402
760401
210480
760465
760388
760393
760398
760409
760408
713811
760461
760417
760412
761173
398200
398203
210517
86829
760600
453126
515358
760430
760444
760427
760426
760438
760442
715394
732588
760467
210511
210510
398214
110598
135561
196579
521780
524926
760472
760493
760457
760500
760486
210541
89975
583590
760483
210679
760507
760516
760517
760703
398245
168718
634464
544294
544304
378514
38038
318103
89736
760513
760511
760550
764131
453130
102353
313220
715433
37201
760595
29309
120778
154733
155408
166667
177635
242008
261947
12806
12878
12879
12881
12882
19181
657684
19183
19185
19187
19189
19385
760514
20981
21136
279178
32729
49542
50057
50059
305503
305522
326891
534738
707328
526827
565238
63317
761903
334007
760526
760705
760549
760704
560041
385355
758956
103841
550889
24557
25367
760528
25368
25409
760764
560056
130963
760568
760586
453168
453169
406854
760567
723325
176252
437722
80833
427
760583
437775
305264
338575
131747
168892
326517
510967
760571
760591
760570
760590
760580
760592
210600
760614
760608
760599
760652
760604
760615
760606
414591
760621
761277
760622
760627
760623
760626
760625
760629
760635
168725
750931
760644
760645
760640
760641
760642
604663
760655
694514
210700
4919
404642
572849
572850
572851
642193
642194
544776
760776
760722
760675
760669
760676
453193
453194
453195
453196
647931
642547
721657
604709
760674
388410
760684
760679
388401
407069
760683
760841
761295
760700
760691
760770
760689
760687
210748
760696
760686
760688
760690
760692
760695
760697
760699
760714
760712
760681
760711
760709
388391
760701
488787
760732
760710
453214
671648
454275
454849
283838
471901
621590
761627
634597
706246
17736
17829
760773
760727
760739
760734
760753
760749
760741
760756
760757
760750
398360
210739
573327
760788
760839
760793
760783
760763
760791
760787
760782
613431
388364
4464
760808
9937
760800
760801
760882
760805
760883
760810
760803
760809
760811
8398
8651
250574
760799
250589
443379
385494
560074
40936
109459
560078
173620
332992
172852
645671
423338
86944
579369
256246
590815
350820
760964
388471
694515
760831
760826
609478
760846
760840
760848
210771
760843
760836
603701
760981
760861
15564
668273
4287
760939
760900
760901
511441
453237
357151
523155
620032
122065
123743
122074
125181
124573
124579
126380
128135
760880
134921
132366
134423
134426
134429
134433
134437
134924
134845
762455
760894
760878
760874
760888
760889
760917
760924
760921
760938
580480
760891
761017
760875
760884
760886
760887
760890
329126
190196
760913
760928
760908
760907
760914
760918
760915
760965
760919
761006
761008
398682
305876
167577
572905
572906
572907
572917
760911
212641
760931
580511
760935
760968
760957
760973
760952
125166
210903
610471
760983
760974
760993
580532
760978
15231
760989
760990
580776
760984
760982
134849
143840
145951
761011
761898
111867
615038
357157
146499
150654
153669
153675
153985
153988
154090
154094
760999
33126
179940
62056
652517
76783
307177
529524
156342
617428
19408
131925
761019
761037
761036
761044
761187
125174
398713
544122
580525
761273
580565
761967
761027
125171
398733
398734
398735
398737
398738
398750
398754
210940
14839
210887
761069
761089
761064
761068
761047
761051
761060
724197
47664
761056
47667
643759
643763
643786
572933
761088
761123
761082
761121
761080
761092
761077
398769
398770
197116
761125
761128
761136
761104
356067
148595
541612
279266
225475
31606
36912
18247
761132
430888
636663
144233
761162
761294
761139
420366
621313
761177
497665
761197
761206
586266
154730
91590
305657
374013
365752
659497
279375
559651
574445
553231
676178
328393
761244
385140
522427
173463
761179
197319
761178
761218
548604
10778
242746
242741
15860
16691
764815
764813
764911
764824
764831
415474
415475
574541
4389
764819
764820
764842
764843
764845
764848
765683
764841
764852
764814
454140
765835
621
560709
1066
764862
10082
612241
507337
618071
207851
9173
436636
626639
288500
13586
264790
615295
291301
628046
628074
157711
437192
764871
214889
764883
764909
201266
16553
671919
39758
764935
764934
764922
728014
727902
764947
764921
18400
201572
728647
764958
764962
593796
593793
764996
764968
764976
764989
764992
765002
403104
403105
646311
646312
646313
646314
412359
412450
215091
256545
765008
765018
210900
765016
765011
215198
11400
22702
765013
765014
765009
765038
4395
765017
765012
215537
15292
211001
210849
765206
765141
765058
765042
765065
765149
765060
765064
215343
765179
765233
765229
765075
4403
560744
356083
356084
279798
279801
309810
16919
17082
339564
10083
327551
481880
437164
437189
12448
17661
16899
16217
10766
12447
16219
16476
257150
765235
765103
722655
399297
718766
357390
765114
765105
765661
765107
765144
765116
765345
765129
324741
18829
574642
765127
215356
412452
765222
215522
49344
586018
215406
765170
765202
765216
765217
765205
678738
316580
377289
243016
765212
16218
10084
14816
12060
15866
10085
10086
15865
17758
765207
737496
10091
10765
12812
12813
13581
16699
16136
765215
17760
765200
765226
765197
765199
765198
765201
17083
13584
12063
17666
14793
15181
185430
13593
11239
12462
765203
16701
10120
501956
765260
765277
765255
765236
765243
765231
765238
765240
144322
765275
11443
765254
403231
310322
436091
11880
178816
31098
401682
574721
29558
17087
560776
291526
587918
15535
254265
15536
10772
12818
13585
13587
15184
16480
16481
17761
953
15871
765285
628476
629969
14377
60928
714278
15387
15187
10441
10442
10443
10458
10459
10460
10798
12820
12821
15538
630039
16141
10100
765418
765335
765343
765334
454196
349417
630501
631353
757757
631991
13590
15540
16486
16905
326693
145513
15879
12070
15190
765323
11242
15877
765341
11243
765367
765373
732110
765350
765356
215589
696724
158163
32587
765386
765390
125648
561416
561426
445401
454232
16228
752129
752570
633123
205964
16229
16485
17086
10782
13596
755838
399733
765411
765383
765384
765406
215710
765385
765404
765403
414606
215690
215847
765417
765416
765412
765701
765424
765421
765423
765426
765430
38268
636360
765409
765413
332605
765449
144323
646408
646496
646409
215864
646410
765422
547049
39218
765462
765474
765482
765473
765469
765467
765493
765489
765495
765481
765478
403408
317123
586836
765531
765475
765496
765932
765511
765562
379851
312051
201010
765525
765534
765544
765563
765526
765520
765518
725866
759869
500569
726224
765552
765549
224606
426676
687400
454685
419965
638536
636914
481328
732045
726917
726906
765535
732482
639261
765584
765583
765569
765579
765565
765576
765570
765571
144325
525793
587660
216823
765614
765604
403469
216403
108730
229199
202558
574810
765753
765633
765624
765599
765620
765628
765625
765610
765605
765681
427111
639430
261734
547235
437973
601518
765638
765641
765642
765636
765634
765882
765643
765640
765649
765652
765630
765626
765662
727611
765667
765666
765663
765685
766172
310713
765650
765671
765669
765689
765687
217394
588185
588206
765754
588237
765704
765713
736953
217398
589038
765740
765744
765739
765771
765750
765751
765761
765763
403487
310818
31679
765782
765741
766302
765777
765776
765813
564581
765773
765749
765770
765985
548666
765783
589599
589634
273567
765830
765827
765820
765816
765818
403508
403509
403510
217906
217913
217748
312111
647394
725888
639427
645733
765843
765833
490306
310905
765842
765849
403573
407640
765834
765886
765878
156405
765881
765859
403574
647041
765986
765867
273903
16489
16495
10161
10450
10454
10790
11253
11258
279852
11695
765879
765870
753031
765876
765877
765874
448097
765868
765869
765864
765865
765861
765893
765898
765918
765923
765920
765901
765903
440910
432878
11409
14537
13336
39292
765953
765948
590326
765955
765940
218004
696832
11415
13683
202850
590321
590421
765960
765967
765964
765983
765979
405598
405599
218400
13337
14933
133460
206637
106933
38570
383712
156380
383696
706801
719239
623699
306825
376642
174086
174088
13238
399917
765993
766024
766000
765996
766002
765995
356110
527422
11701
11690
164809
14809
11255
16906
392041
496274
19584
207727
647434
722863
329719
668947
765988
647512
591158
591309
333104
212751
766048
766046
218834
218724
356113
338518
454511
684068
15885
438278
438381
306866
279830
738532
755200
766081
766074
766082
766088
325782
454495
15201
14812
10110
14811
13604
20747
684099
14810
3859
190601
716777
4162
200453
766064
716782
10796
150372
16911
218739
218709
766117
766107
766093
766116
766094
766095
15889
17091
218567
554095
356186
413790
12839
13607
766105
717564
193178
766134
596524
766174
766123
766137
766132
405808
43639
766169
766160
405852
219040
415230
766155
766157
647757
133917
766156
766198
404926
766215
766264
766247
766188
766297
166300
597619
178932
766263
766266
766350
760822
221496
15952
17482
261351
766301
766308
766305
766303
766313
766306
221780
766359
311431
766343
311427
766418
766438
766351
766333
766345
405958
405962
107965
18796
55748
9436
766363
766376
407905
766368
766332
766366
766452
222147
18359
18584
766381
766371
766378
10115
766374
108021
718143
434213
14817
15205
15206
15891
16239
766373
10794
10119
10117
10795
438638
11699
5601
22301
718532
718734
718803
719069
766399
766398
408169
766427
766435
766415
766395
766413
405994
10312
56975
766426
766417
766439
766437
766420
108699
454510
500519
132845
719445
645913
438639
242768
306964
719440
766424
766432
724972
11266
766468
454706
19663
566367
566368
566369
463345
463348
463349
15207
12847
12848
766472
766471
13917
766469
438640
725751
725745
10123
15208
14821
16243
14822
16915
12850
12863
729434
729002
437800
193653
614639
614614
10131
766584
169864
766489
766488
766497
109345
356147
619900
13251
438658
330804
24921
471024
428735
22358
731124
11271
766487
766482
766495
766479
766492
766494
766588
766483
766505
109444
109445
737992
154917
11270
445533
64086
528565
10818
766515
766517
109546
445496
77750
91055
96263
267658
244181
10127
11707
426729
132208
725816
212313
12090
439849
439850
463493
31739
142678
31749
766533
766543
606270
606271
606272
688202
132562
362490
10129
168375
10809
12095
15899
752824
156423
15898
497714
156414
766552
766553
766554
766551
222416
11855
766577
766557
766558
766580
766560
766585
387699
284996
205845
326638
75550
77542
77565
547569
10810
564595
564600
564604
445594
10815
445568
426694
454575
245277
154755
13620
155116
490915
10808
321867
16514
461239
11272
11275
445567
11712
11713
12857
12858
12874
16248
719354
162240
165432
379658
10827
12117
561986
206744
10813
206724
206726
383888
206722
16719
206728
206754
15215
15902
29251
192329
195007
10474
10475
11715
11716
12096
14829
15913
16247
12099
19401
94372
232888
232889
47244
13258
445581
445585
445592
445717
16307
454603
19400
15903
379663
10138
15218
11280
19581
307139
12098
607035
195023
64294
201100
64745
10137
15904
11282
11720
12864
12865
70664
272225
232890
232891
232893
232895
766288
467055
348151
110280
110352
454627
13853
617351
248743
11722
11284
12103
725951
71386
207762
15907
10488
11286
11723
12110
12868
12870
12877
13628
16502
10139
738258
10143
156431
12869
14841
348187
156432
232896
232897
232898
232899
10140
10141
12469
273954
437241
406112
414610
562922
562932
454660
766565
13265
11288
54618
54125
54126
663428
535286
15908
15226
250704
133525
133541
71992
242433
405123
278186
14842
11731
321882
356204
356205
77095
77154
77261
77338
77491
454732
753240
10146
232900
244468
258749
16251
195490
202564
16256
10502
12114
12115
12476
12478
206064
277649
465624
60546
208680
10825
10826
401778
282038
454763
454765
738620
454766
593492
454775
454777
454778
282893
758008
18554
435294
60507
60522
281816
251102
526646
11324
317464
288292
10837
12120
12121
16255
414611
414612
563047
356210
302936
303265
37234
13270
10835
10841
12122
15232
19431
603706
520036
10836
9750
285378
37225
442929
523966
211157
299903
13634
10156
359621
453959
563448
112836
168883
454927
454928
454934
232901
232902
232903
232907
232908
232909
13635
15236
10157
10160
16257
566755
566756
15580
509573
11305
760162
98392
15581
529290
12484
229557
229586
325675
609942
14853
16506
16260
356126
481305
10903
13274
11309
10164
18216
373543
10165
10844
10845
567623
77885
78324
78491
563804
445793
373731
133717
18706
15919
15921
18712
251821
252222
434889
232910
435218
310256
10203
10847
12127
10853
10866
11312
251404
10846
10848
15923
427493
16264
16732
22212
208964
700594
24519
404287
14856
206796
445878
10169
445884
445901
356245
549754
431644
275361
329662
739103
26612
279529
12494
445868
197872
15245
16733
17460
280358
10851
16925
16926
16738
286512
564298
111683
445879
37221
424253
350097
498168
498169
509490
280680
491316
491657
493440
566975
463844
463845
566976
156416
445889
121103
414613
564309
111707
455151
350150
132617
11327
15247
504358
34855
34885
508331
287459
15594
10173
10852
39130
16269
290839
11320
425341
12496
12497
4365
564335
445931
455194
16928
10855
10856
2268
59687
59689
544862
293411
17107
15273
13286
10177
10582
12139
14314
61108
14866
564369
564370
564371
497354
356276
16517
293449
293930
293877
133880
549549
436874
561859
10178
10179
10858
11322
14868
294798
72249
573655
298876
581951
617853
10181
16274
89088
10534
14871
11325
10860
16272
14872
112076
446018
455270
10180
10861
12502
12503
13642
599703
309210
310175
429583
429699
227919
673631
16276
14873
16741
10182
629252
13294
280269
11330
11768
405036
51604
14877
258412
613626
564466
206799
376414
376947
641028
645144
32417
661327
128243
128259
16742
390029
132947
132958
133446
133452
391055
683887
739445
12154
15261
475238
10869
10870
564499
198763
527171
134089
16280
10868
12916
396553
446035
700125
700823
1781
145250
134080
11781
169966
276815
63080
279961
747605
627704
627706
751625
628711
755326
384248
759872
10535
15276
428140
17461
16527
16287
13861
15270
17766
1927
11345
192555
632400
16748
636827
14889
440411
441995
13303
13862
408785
16526
766138
10202
614586
564597
112591
564614
356322
455332
198441
9301
198444
32736
60502
726333
14892
17115
11348
11786
54655
207024
17463
637367
728265
59414
58754
64221
623724
490918
232390
16940
10541
112858
565072
27361
356342
687406
687409
466358
446091
27352
357315
357316
428290
132736
27374
27356
564913
356373
356375
446108
597825
13305
16291
16294
446616
16941
160896
348438
16296
235676
16295
19496
13872
14899
565049
565060
552106
10548
379611
11358
10212
428409
162330
447088
447105
232396
307864
190581
237894
16532
16753
10890
613787
737871
206634
14900
10214
10215
10894
51219
64697
12183
13876
10224
10557
10558
10560
10901
10902
10210
10889
4397
12186
565449
569463
565603
687415
30323
266560
242853
167203
27363
244295
10226
11369
11806
307883
10904
331576
331606
11372
17467
745250
244924
280294
606296
250518
251388
289469
253375
10907
10227
10905
565782
721376
721377
357320
455457
253438
748464
396694
753261
293498
754739
755202
691179
232982
446193
446191
757743
307913
331650
272787
754534
11375
565838
446224
605522
10583
11373
11374
12551
19498
11380
10235
10570
739156
449525
450779
737725
232913
232914
232916
15278
174152
10237
631711
9614
3351
565083
113419
130332
446223
455580
455581
622274
14395
12205
330744
332166
267096
13884
10576
10578
12201
16536
17118
329804
285870
334228
280196
567095
35357
378166
71404
376507
381680
17120
27922
594014
27375
14511
280409
280204
280207
232918
280200
280280
394606
396936
34442
280231
593964
14069
280195
280281
455567
443942
397536
16946
174165
436267
426776
592331
14071
419987
429708
9994
433659
637380
637433
638804
15306
11387
43906
14413
443411
27378
119882
446338
428944
428945
174207
17121
14072
454904
594739
144781
8392
14400
244160
293161
280565
396700
420615
603726
458069
458301
12565
16303
16540
10410
211043
455624
455625
14401
341948
14402
481122
14914
508689
510394
510562
483242
520138
16762
174352
485705
594550
359114
266054
6878
13578
748533
571382
571383
280645
282635
422689
65731
14075
14243
490442
18369
28575
260044
11391
12208
307417
18351
494322
571811
571812
65772
455690
12567
331582
16306
16950
95273
232919
442341
552062
558310
496088
10928
282917
437255
18292
18011
10254
459516
574713
574954
422906
422910
469257
470712
470927
420199
145667
326221
309460
309461
426547
174486
291359
174428
14519
10585
10929
15932
16308
280935
18466
559423
699746
10260
10251
575422
575423
575424
456613
16765
16771
17678
615740
738896
436821
454993
232920
234129
748591
323122
121692
16549
54718
311183
17127
12570
17358
17360
18578
17572
332462
13666
18090
17129
18623
18669
18710
280634
316457
113745
576239
567998
10586
232921
631249
581163
16315
16954
16959
470786
505300
615766
532328
521796
602241
298960
18791
741411
617171
17855
10252
297249
688214
113766
242734
552781
10588
11396
11833
332471
10253
16768
17133
17781
17865
514951
323110
755449
267550
493021
12216
280641
280643
62801
123676
17860
630249
436728
16957
17936
455768
429470
348871
701806
10590
10934
174606
174607
174623
13325
464264
719311
16769
54081
17361
18091
719658
756221
17937
11395
338201
202316
536594
560150
45332
10936
12585
13670
242632
22403
462153
754798
18467
187082
18579
12976
12992
13668
31686
14923
16314
16551
16958
436992
18294
470995
471481
471512
17239
14083
332670
280663
12220
481320
565689
340210
724941
570432
615820
18354
414614
113868
446810
455841
15645
95408
472060
339445
339451
14414
581974
494388
615836
12223
472070
738257
593784
202471
501718
18235
427123
18017
753225
168524
757304
334010
582844
140309
446856
65980
455863
437140
17940
11405
17364
17776
732378
732376
732569
732375
732940
418373
17476
473625
631431
409164
232922
232923
232925
232926
346506
644365
13440
27542
242626
433947
553605
14530
732975
732961
733414
15647
16554
18095
18096
27398
310784
311272
27426
232927
232929
322202
320048
585894
455875
232930
232931
232932
17478
734175
734688
264725
174816
174852
18166
14929
17242
17862
18097
734919
734939
348030
27566
455889
423449
735864
17942
10265
14092
736702
737027
14930
737249
737284
737358
339614
12590
737613
737663
737660
738032
739344
15299
15650
16320
18234
334902
587469
446934
16556
17243
739343
602863
311098
347019
21362
339722
232933
232934
232936
269531
232937
232938
232940
645555
14421
607033
739367
739413
335201
739611
740186
740169
27570
332024
589712
740246
740248
689457
17246
229414
311067
626723
630307
232941
546356
330793
12587
718538
741640
741697
741996
609496
765271
765448
27548
142945
142946
503414
337223
455990
232942
462448
12588
746515
748073
479250
748512
14424
10950
15948
17244
17368
229428
232943
436947
16777
12230
13913
13682
15950
16965
197760
590845
456016
456018
139016
554301
546260
751559
766171
411674
10949
17946
338890
338362
18236
749762
18169
16323
14099
12990
465134
465136
12592
229435
232944
340874
143875
242703
447113
608402
503017
318499
751012
750853
751076
411675
411676
411677
14268
19074
751140
16967
634344
17585
10608
17866
506583
17483
318546
348031
18023
447100
12235
3537
4744
414615
565450
10609
371616
13919
15953
17248
751730
752938
447165
498947
17948
10953
753251
12593
14940
17249
10274
14540
15658
18360
18952
18980
348082
596341
64711
366981
521736
753514
754209
479671
388601
156698
14430
10610
18171
702641
18716
15993
18760
18834
13348
568781
568783
569925
348098
447183
615436
512415
145618
456154
568785
568786
568788
568917
441508
465214
465215
370636
16783
17951
18531
563263
157345
374161
754213
17487
18027
10618
104066
615680
755594
15312
348180
348182
348183
10613
597455
456209
456210
14105
14942
16972
17953
13354
17252
17376
10957
438772
755883
755880
18420
15957
17147
756448
376200
13939
19042
18955
16786
10283
10956
147681
757034
357408
88973
757019
10279
758162
758292
14544
16331
758504
758531
758532
294
446740
18242
420564
619058
14545
15663
16569
561152
737129
15664
12244
18029
18105
17952
758790
371498
383851
17954
14435
760503
761093
161785
411678
14277
95850
381423
14111
462618
761932
762656
765766
105318
71843
382026
373745
17697
597948
598055
132859
429402
485725
617056
18033
438055
433442
157508
311878
437869
439115
500459
17790
434370
442183
162487
493721
236059
194472
15963
10961
375930
232945
11433
458309
18957
174970
135165
15365
510768
348184
387911
598152
551317
13695
18107
18478
12601
427448
430290
481961
431622
483174
494610
17257
14548
23905
481962
505326
387586
387831
18108
624014
456322
15317
14438
135186
16336
549687
229782
157709
157245
156781
739949
507584
16790
232946
80789
383755
14948
512736
15320
14112
430331
389822
596123
506906
90883
494692
623728
508099
17597
535193
16980
509823
10628
12247
507639
232441
232947
80967
11430
17957
385388
456362
15670
37227
229822
11431
14441
439207
459685
16339
80841
481746
729524
516182
708721
250607
19539
18035
390168
66578
14115
434558
147712
147713
426471
25088
339881
232949
549268
232954
232956
241285
14443
12249
14283
393639
17961
598487
90399
13931
549499
16796
569170
465925
465471
569173
15323
12607
13358
14116
508407
465472
569210
23199
354973
21426
20850
2115
14117
399020
725854
475981
475966
475948
629092
88060
516873
88062
88063
13365
14285
18983
401499
401779
401643
287799
401971
456447
456510
23315
508511
398808
761267
10625
755597
414616
755656
456452
459764
10969
476350
476359
47952
88260
569443
465545
11434
12261
12267
15970
14556
15340
18181
10624
480362
480357
11873
63250
414617
598604
598617
456467
456468
203785
624504
563781
561975
27878
24166
610392
12613
11436
14287
15971
15675
12253
10292
400433
14120
10293
10627
17402
12610
13012
13362
12611
439266
24110
613955
19464
18979
19811
10634
17267
207050
435501
430738
430719
456479
11877
14561
15330
12256
399748
12257
13015
15678
10294
10295
10629
10630
13366
14291
16346
10299
16581
26138
26140
70448
14962
14296
16347
13020
27373
10296
75416
152260
13368
10316
11886
27382
598933
39291
175021
175040
175054
70593
175069
175082
379687
13703
12278
12618
734841
598979
456521
456523
456524
23366
12263
11447
480429
480637
410358
480749
232957
285397
11883
175128
17163
10982
443452
429348
11882
12262
13022
10978
12623
430506
599004
456596
13941
12271
446753
189769
397887
10640
11448
11884
11891
12269
13023
13024
13048
232958
95572
47977
33760
72307
11451
75494
17501
15681
10647
10981
16851
14964
10306
17162
349726
11452
523070
433733
434184
599047
599076
447763
456605
456606
456607
11453
11896
399052
192718
83198
12273
10311
16800
13381
17390
424423
207084
456646
10650
10994
232959
232988
11895
13395
431502
88307
15977
334338
16586
437566
16584
16352
10317
10313
16992
15980
435145
33402
10329
606464
16585
75034
175145
104284
15687
11459
57718
57723
442170
442508
599124
599131
551057
439303
11897
11898
439304
53485
318832
234298
95808
59308
10997
15689
442534
10654
401262
446165
61760
76870
397102
27440
27442
27391
27551
526320
599397
12639
10320
36345
456668
456670
148012
13386
12280
10660
14976
15983
10999
11901
11903
95806
13951
460188
16588
446503
72185
15345
428941
429011
428661
428940
128554
466313
357502
726402
40284
13950
16354
199530
547813
267774
507206
204998
561124
293476
61752
203731
79893
11001
480792
481052
10322
431336
481091
481366
95809
95835
426473
599280
599289
447936
445808
13390
10657
14979
334498
636249
404938
201681
153173
531852
608480
548370
229006
250777
260536
135624
274995
282571
621235
523519
537444
482007
10328
599342
599413
146759
737814
431587
431569
47548
13392
14991
16355
10667
14982
460378
726730
406654
438129
200064
740629
10326
15984
480254
243007
175270
148044
148058
36556
89279
148059
232960
232961
232963
13716
328150
329857
563579
49543
376467
288706
394903
398969
195594
403514
404564
376443
474669
23452
23455
740724
23444
456798
175277
199598
426480
426482
426485
412195
13394
438818
207811
419913
419917
538243
433326
71735
480087
236481
279907
480822
599621
599629
685812
457148
13396
95941
95954
10340
29499
13399
15358
19622
19676
592
436358
14988
10680
761797
16357
19027
60548
11013
446759
319002
49072
599650
599655
114946
114947
456986
3866
236568
600925
281081
281086
646681
483117
293209
488330
500682
492522
13402
11480
11015
15355
629033
424785
599727
599728
684544
10797
503456
446166
438199
73231
747021
648809
480658
483661
133796
483662
337527
282435
639990
232521
426499
207161
432003
432015
524390
13404
13722
758771
13723
11032
13969
13972
241255
372049
546413
484681
424586
281122
16592
599911
599920
432057
457041
312600
312402
14141
182036
389254
18251
13412
484050
223865
224036
441214
260251
391856
482076
429361
61072
597073
600073
457050
13976
13728
13727
19693
535878
332615
18819
501434
338505
10350
11029
13729
51836
729484
396937
495153
17168
230251
482822
495936
600080
600082
600087
426756
506338
10685
59523
59306
59307
27556
12303
11030
460275
442372
94169
495465
301972
10352
600421
147017
27573
496885
446162
237716
396938
732773
18907
212526
22423
742631
213733
428794
448339
497144
750843
428361
27558
754785
41251
15002
13978
14144
272589
6619
18312
600659
600664
457084
498888
727294
340130
135821
498894
483226
483238
641021
16364
11034
14151
12308
281258
18873
164856
52424
15368
303604
457102
426912
13735
14147
14302
10690
15005
405655
153940
414057
175509
741431
514660
13981
15006
10693
11037
16999
382523
565747
448586
457106
687472
503739
18594
182065
182134
15370
157325
156459
157285
402723
157387
335213
232964
547381
13983
14150
167429
18928
565832
551522
622735
82252
289014
408687
247470
18483
19061
508778
12316
18182
18766
11040
37610
19115
18874
247693
259238
18484
17167
264748
334123
411681
61286
9877
565873
471851
67215
339232
1116
471495
471496
508509
508565
252594
378911
385489
17710
18841
16005
19009
17006
16817
11035
18875
16372
18930
14310
17803
18118
411682
621233
564193
596073
14156
17609
10700
15722
18726
601017
626367
18256
18547
19106
10366
11045
10701
12318
13431
13990
428304
17711
18119
696665
727184
478974
640786
659845
241264
16605
19064
10702
19010
17007
17171
491503
611420
16820
9592
17009
517711
17611
601235
601241
601247
19047
457199
457204
17172
16374
96482
517714
19127
17399
18988
19011
16007
16606
335515
334794
13991
17970
601269
115457
7084
230205
230207
312685
14455
14312
232965
19012
19159
12320
19135
18877
689017
15724
518953
19108
18844
18991
115482
601427
276838
557433
457243
242925
17714
63942
230546
230547
230548
628203
204934
205444
22306
14313
18046
17010
521262
18320
19163
17973
18490
18434
18548
18809
739658
13995
16009
469062
136364
330371
14458
16010
14160
18689
13993
18123
17972
18845
18191
226619
247357
247396
570829
369186
369187
369188
369191
249575
755328
18811
13994
17175
19066
18492
18965
566007
684771
560656
15021
18193
18551
17717
15383
17013
17974
350495
350521
253407
289551
18190
10372
15384
338516
375368
332494
136089
740758
524032
17177
16379
19036
457447
163863
14460
12324
293436
230618
294119
601978
501522
371849
372196
681503
309717
323590
18992
12325
232966
17516
319438
17718
18552
328812
331091
332425
18910
515620
531524
603289
603303
694575
457345
427776
37616
74461
230624
230625
350817
351058
483378
19099
17895
674317
14461
18195
19142
19017
19111
748182
18382
533728
534220
515875
115662
410225
18608
17518
12326
13439
13998
15386
16382
17016
533559
609734
18694
18496
334705
427319
382611
27688
18883
19160
17978
18779
17982
18816
19086
271263
603599
603600
603603
449026
252298
25279
352628
19137
11055
11519
17721
19121
19146
19168
19172
12328
14629
18326
15732
13441
267770
205952
538216
19070
313618
440718
440719
393785
18556
17898
270751
18996
215863
10377
13442
373142
350627
10712
18499
688235
427980
12329
14001
14168
18130
683054
725768
15390
17621
17815
540926
18817
19100
18498
18885
18971
10713
540154
16384
18653
539640
15026
16385
230626
571255
13443
423541
16386
545299
603851
603852
421535
18388
14467
232967
459458
211195
505959
529467
16619
12332
17817
301076
17292
10379
454631
18201
16387
38506
18887
596269
11058
18205
14172
19020
16833
18559
603866
603869
603871
603872
115793
457480
92332
17413
13445
232968
14005
17412
18915
230634
489115
17901
526377
19113
12333
13446
14325
17625
16623
17187
17819
533290
477920
487380
554372
603881
603883
10383
14173
232969
301151
16391
765976
554426
555087
428225
15394
15395
15396
726115
556251
641755
464249
457499
640867
640868
14329
384245
499680
757461
288739
23439
741926
18502
342092
326903
440881
12334
48995
472231
115857
603911
562169
457562
232970
269379
269388
232971
13449
10864
331105
17727
78156
11063
16622
16836
609327
617727
26664
169752
253992
630271
157064
336128
566085
457694
610424
761754
181628
746790
654942
654943
16025
648105
27596
717397
717403
16624
690323
15397
690561
565146
18206
27821
17188
570125
115916
604022
604023
604024
449420
89725
357534
258409
655045
63527
63697
15741
17190
72400
16625
17729
204944
14176
210837
51481
212464
350891
244950
566108
604088
547489
510274
13766
14011
23980
24036
261756
647773
17029
17823
16626
17906
10387
10388
11066
17987
291612
293582
15401
18140
15744
14012
16029
16396
411683
411684
566111
566116
566117
115971
357545
737948
37375
457604
457605
294783
519877
615316
286533
308306
12705
272377
755174
300882
14334
483652
157104
157530
116000
116011
553141
449308
357554
580535
10390
18207
17031
18141
14643
230664
384313
18064
17733
392434
16841
483923
483904
484617
18563
15040
409457
14476
14015
14335
18065
403717
412823
16039
18142
721951
18361
421696
621321
629577
631525
18396
16629
585209
583808
18066
18614
14016
484620
488046
96736
488331
27602
569017
11071
16035
24313
32194
15409
11072
17199
336533
16185
17196
704077
438198
532899
28903
163889
483379
59412
72308
641768
11073
626643
195936
16633
16844
489648
275254
559532
759631
15749
16034
14916
360108
589651
319936
618352
16400
17424
299839
388338
13460
566359
52335
14018
17993
490086
503451
229581
27633
14480
14184
520470
498253
734299
735353
201654
390063
18143
537365
14019
37243
27609
61022
62421
601723
566205
598246
13115
711081
157246
156842
157085
336964
535141
156782
189666
597636
148210
175673
148243
206421
71078
566211
207547
457753
148278
13461
34770
36500
545310
737715
701712
494591
17037
17427
17041
207227
10397
459996
307429
20583
441403
116187
457771
429160
441406
449890
14187
11076
148299
443518
196126
195938
202432
523409
443422
80326
16404
214710
16636
18212
14021
207228
446789
116250
657074
613097
449566
457815
617809
446822
42621
453345
15410
14188
73228
17835
17914
18069
562228
13778
17204
286038
500525
19072
17432
14191
317822
11543
15053
12717
418376
14346
413087
613147
207553
520476
578418
343063
17205
51618
70848
73240
272537
325960
37232
232974
73529
73533
16042
75008
10402
11081
476154
617467
429861
380887
16041
27638
613609
449676
457878
457879
380896
636631
17918
17996
18072
18146
18340
432652
73598
17643
27738
12355
567444
17207
17920
320095
10403
11082
388194
294029
37490
27644
607586
611654
608664
190167
613797
148622
136864
421401
459568
520308
23092
17045
18148
14197
17998
10404
11083
18074
33527
741976
17745
17548
429709
749551
726876
21607
360114
17546
446112
433852
434826
15065
719076
566268
356724
435739
440353
132049
135317
347171
451975
466685
11548
18006
428756
27881
480339
15761
14196
12357
17922
17840
490749
81778
611617
737755
290960
39196
476975
207373
18567
15419
616515
133253
31445
429657
357571
14198
16414
145518
10405
97339
98920
576571
576624
121003
27639
126648
133102
23456
613691
23512
340519
23471
23454
23458
23460
23531
440020
616601
616602
449840
457985
14491
232975
80867
15763
16050
157691
337088
615574
103606
27635
460090
340705
13130
539102
232562
281396
13475
616610
92895
14492
37267
515607
157727
411686
12359
14664
28742
133963
147745
322325
18403
16052
11087
58757
37269
232976
615671
15767
616967
419110
737395
458166
27418
27618
27622
169574
166834
13789
18151
19360
152239
154557
740679
617063
18569
18152
619685
449946
740720
291729
524027
237069
528635
17551
729381
723039
620256
162246
166836
162690
17749
619654
17843
15073
18002
555057
137079
215524
217998
75923
566323
17846
449990
229041
565841
237349
335762
327605
599266
15776
574348
77180
623557
13804
97338
17754
459509
16053
734484
51587
294065
274517
11096
15426
13481
14712
14669
618144
77378
77377
458372
458451
11092
22240
14047
11091
21067
580503
418377
592007
275211
18513
77269
594761
313706
12365
11094
739278
340784
14213
11101
562047
14038
618240
131820
618241
10408
11095
22445
14362
124032
14369
15775
742588
275926
632415
12368
276625
385490
646661
598600
669690
674314
278427
151225
566361
566364
116644
676020
152478
350366
516678
47657
748316
631483
748325
340740
199253
14211
751844
702442
539246
153102
153177
153184
153257
369969
716104
716141
413006
566428
566429
116659
149290
618551
618569
458443
468415
300423
11098
14365
64707
587593
729625
730563
17844
197183
242460
17056
17651
18003
16422
17442
443549
13487
230693
18220
18514
17218
639495
618637
566386
458464
28291
38773
458467
732644
618709
600562
602831
736004
14366
14212
320354
313817
741342
623762
742380
748866
290441
340977
341039
754807
450248
361778
760005
573032
80947
412993
691183
11100
18155
10426
14045
16865
88538
337487
64778
230737
310080
714458
714647
764100
32241
729585
337706
9812
59572
227437
479211
479206
43100
490246
490470
17753
149392
149400
491298
13144
163973
163994
164024
163933
171067
561661
623763
444006
444008
80974
479080
397114
27636
13803
11566
281423
621204
658578
450412
458584
60102
492370
385556
23509
13491
60669
60653
60671
144276
64622
80487
80488
23629
233696
14217
127684
12740
51077
391040
667610
664171
68392
182053
63743
207954
195274
211012
414102
702419
23498
313914
313915
175920
148390
175966
175986
14504
750692
330399
226874
668559
450428
243752
241976
341168
241286
241287
12755
13494
242610
239079
73834
148432
176033
244224
413305
253435
16062
540629
668944
618993
111837
341206
354996
465198
465199
11106
439922
248631
390570
251082
16429
14694
19685
11107
12379
11574
13808
11113
13495
176035
15440
16659
258575
465490
292953
398124
275206
14683
322514
12749
688287
116913
450592
309623
700661
230891
320475
288147
14224
309531
15779
371621
13812
337810
675775
676972
675490
413306
413307
176036
444068
323438
387743
201158
566543
27462
450621
527899
13813
483141
196728
26068
37242
314075
444099
444101
176058
13159
679741
290276
211474
681224
619010
149515
290344
13158
704552
13505
337872
74040
397357
398040
19973
401122
401180
546553
15444
404610
405277
97345
23479
681237
566560
566561
458771
407549
103513
459523
739416
507525
69501
718630
336249
719824
500846
723210
502484
728502
16662
137537
88905
230945
27456
27457
37251
12744
27461
292957
27574
27571
619083
458804
574112
69510
89134
574248
574249
574250
574251
574252
574253
574254
574255
574256
481064
293698
293670
232978
232979
232980
31752
49804
602546
561421
13163
492400
245072
13164
593181
514779
508630
230948
758490
510014
687608
755283
54224
31764
14379
689592
454432
521910
685893
471881
14054
14232
11127
11138
15090
476189
12746
32274
574557
574559
574562
574563
574564
574566
574567
574568
448079
574572
760075
760068
17067
229587
49282
24467
31762
485471
619337
458974
157025
480386
281542
397594
492968
281512
444187
14380
281534
232981
15446
16873
521145
443759
762350
27451
27455
15786
694107
10163
15239
357622
358330
540239
574665
574674
574675
574676
444201
444202
13168
12753
521477
25252
739700
281688
619414
458901
459087
215854
746564
91047
96418
14735
236234
699411
281677
236538
451018
12750
698718
12401
15091
341465
71530
226593
236591
157512
547647
37613
132430
357627
39914
16896
515245
13170
15095
15451
72892
617733
401376
38960
279953
14698
50716
77122
559156
37256
14697
23627
314220
357739
232983
11126
232984
443162
23516
712505
619726
554740
14509
272234
14510
75007
239125
15793
13520
13521
562431
608653
27728
291217
16874
633499
232985
281786
566763
619741
527879
458958
292729
537144
293931
295330
308555
212118
212204
16669
281887
15098
16442
714400
715377
16077
16443
212149
718853
16441
566708
422627
35368
719681
719682
307659
615604
123489
725206
381607
14715
748596
338205
393395
751812
14711
15103
16183
751815
405543
16081
16084
15107
12415
716855
149833
623506
198267
232986
49136
631566
54570
636721
65111
65211
72343
16446
16671
14716
12423
720220
11152
12419
14714
757052
14717
15110
720649
609322
11153
16184
232989
358456
619868
132569
149852
759609
726257
15109
197578
632421
210024
634388
212735
636626
263281
15112
15477
15116
250539
14721
15126
281919
13181
243148
244798
619923
619925
619928
466344
466345
466346
528954
640880
59838
352239
492997
359026
431880
16187
15113
244678
349797
11337
269715
15115
16100
408792
317367
156723
620388
435102
556098
432130
419953
420623
17885
16091
575025
236536
75732
728763
575004
458154
458098
575008
575010
16092
14729
359420
314379
33825
741720
281023
284258
595880
309902
15480
474923
459080
39352
39345
320800
176099
176101
176128
176129
176130
148614
232995
721142
13185
279393
339657
15118
15119
15481
15814
15816
16094
17225
316579
152526
324988
63822
501386
649650
620506
86501
466349
558324
376774
15122
14732
16097
240140
13537
15478
14730
439583
15125
148647
401916
595709
404008
27787
444375
13843
27496
16672
738070
263263
207782
207763
459142
493515
493576
15822
15123
81019
15484
15818
390122
392309
51254
16190
307708
11171
10024
426826
733184
27500
38624
287761
15129
14737
15128
20096
493765
15131
735161
733431
207766
14733
14734
623450
446821
627683
757092
148667
11175
16452
761837
259166
562190
19179
19297
493957
19177
27628
19188
19186
19178
90089
123129
620554
35597
16103
19175
123496
636339
639396
122793
252504
751475
122808
759653
759233
754866
755448
19323
444436
755063
761240
511650
124697
81073
81058
81059
464086
464197
464166
738155
567019
567023
620571
464273
628761
561167
148683
176197
760869
71896
402885
37797
316523
628786
444470
739495
444471
444472
39347
19257
620585
620604
19255
59570
19274
19272
176199
176265
176278
148758
148759
176316
575658
464873
19276
484126
19312
762771
465210
739935
19261
19300
620616
620618
86477
535270
19278
19330
19328
19315
19337
19379
19358
127724
19313
240348
19463
19392
193424
19415
19456
741932
19418
69515
69586
19397
19436
19367
19370
742371
567042
567077
452157
459220
746401
459290
92169
693599
19438
19447
19427
19471
19446
19435
19424
19426
19430
260467
19428
19432
19439
19441
19448
321013
438357
19420
19422
231057
488889
380168
27555
620723
620725
620726
620727
620728
620732
459240
176320
176385
274760
545396
19509
69523
470832
19481
19479
19495
19518
19491
19575
19572
19497
19307
261426
19493
19517
19532
620748
19549
19551
231075
27694
27533
749659
138163
19553
19567
69528
165705
445739
19580
19531
19561
19540
19522
19526
19542
19554
19555
19552
19557
19565
19601
620775
356905
19696
20482
509737
19571
281996
191498
176386
176387
19616
19611
19582
29737
19579
123547
19594
293371
19556
19610
722862
752286
229614
534347
19699
19604
567157
117867
52519
459293
19708
15202
19643
19706
19703
19683
175257
19681
352635
19715
342112
307125
19700
281961
19661
281960
19654
19705
573993
576058
466716
466723
19768
459317
19747
322164
19743
20674
19755
19757
373301
176457
138234
491615
750783
753951
322319
22836
19764
19765
760135
49387
118149
19779
19799
762262
440346
19723
19725
19728
19759
19733
19977
19770
576144
576145
466754
444762
466756
161917
446803
19788
19798
279145
286120
19777
19853
19851
19815
352754
19795
19830
621495
621498
621505
621507
555960
555964
35987
413351
19831
19832
19838
19839
61210
61265
576173
576174
472432
472452
558298
342377
467001
134402
204646
258342
231099
376320
413371
258572
19801
19812
19868
567224
567228
555994
19825
19840
19841
19873
168794
443318
19822
19892
19902
19896
148815
176414
176494
19924
19905
19907
19919
19917
19909
283075
158109
158968
19926
19975
19938
19939
621555
459380
357683
357685
26767
266363
315789
556409
22128
19984
19976
605049
605050
329438
19958
576386
90217
576396
419762
474260
474224
332632
19968
485465
409933
641792
621646
590422
576419
576421
576423
419730
20037
104191
20034
534384
494408
485475
485477
20049
27979
27523
27512
20018
19986
97538
20090
20059
192902
621666
208087
20077
20089
20035
20038
20044
20075
20040
20043
576551
576552
419803
419804
764604
20079
20088
20092
20239
20714
20006
20008
20058
20046
243112
20053
20066
20069
20078
20076
20084
27689
621695
621707
305500
466400
466534
419817
20080
538307
372444
20127
20307
20138
765622
765558
20140
475862
20282
20111
157613
20109
20117
200990
404159
20105
20131
20102
20171
621797
1105
459396
415130
20172
20162
138509
1092
20226
20168
145434
428298
20180
20166
254408
20225
20211
270973
20184
20196
48712
12582
9401
473641
567363
459401
9909
20214
97893
97896
294741
20255
20257
9125
20206
20232
20266
20209
20248
20252
494410
494601
170227
593287
171084
145460
151690
494010
37944
348306
27521
452577
16087
621904
621958
621939
16058
23594
23610
23747
23590
23599
23600
232835
23603
25510
651538
118467
118468
17520
761425
118469
118482
207933
92596
652490
600524
23695
259197
23656
583237
583315
448121
634136
23626
588280
17339
23619
23620
23641
267777
23666
23669
23674
23654
274988
23706
23732
18538
18540
18871
567327
23657
232962
23834
23663
745115
599921
601769
745236
229467
603147
745264
289610
23662
171129
622311
23781
23724
23785
23727
23735
23712
23714
23718
23772
567339
459575
581695
732895
23815
23819
27690
417946
176530
138625
544777
23809
21782
21826
23774
233040
621248
745945
327782
23803
22193
22324
567401
567403
459579
459582
676132
2725
640649
23084
22142
166305
23780
408304
25313
25223
567408
459596
276810
646024
557672
607062
138675
607491
740663
606137
23832
23806
25148
23818
233106
229423
647046
27687
622047
427201
251334
402858
747976
493259
233130
509315
282617
27342
508333
282619
27340
282626
23836
725764
165329
357799
176552
622052
622076
23876
727185
576311
737112
730750
64993
23931
600727
564569
18589
287264
30016
30063
450509
23918
326580
64053
738299
330811
519673
176611
148934
76755
176654
176656
23914
23897
23907
23913
171235
171236
244987
631996
654636
23944
23950
548914
23964
23972
658846
674423
702972
374932
729575
315764
742053
23951
567510
459924
623764
23932
23936
23930
500790
23993
62180
166313
728065
728846
24023
282631
24032
24020
24039
24041
24049
24029
37860
24046
24028
63907
39609
567579
567581
207948
472055
460036
32687
729588
730162
730365
730367
730368
617560
733645
169242
24117
24102
24079
24156
59574
24132
42434
118697
436547
738240
42951
24155
24112
24182
545465
311584
736599
736611
195362
42430
24193
446155
133388
48274
567593
567598
460085
24147
24127
24150
48077
447172
24121
24192
24137
24154
24125
24163
77017
24131
24135
415064
381937
49010
567614
622237
447850
11918
377871
475817
24129
24204
24174
24175
498323
24173
51175
24168
190470
24169
24208
24172
24153
24122
24143
50982
50987
51457
51141
546401
460455
24233
176703
15360
415023
24206
24298
183738
27526
52036
24210
567645
567659
460483
436618
52083
171237
59186
59263
30504
30508
171210
171226
730523
376440
726395
511376
54223
448036
24254
11927
577223
138891
138895
171480
597068
53958
24263
24269
24288
24262
24249
511387
229527
242860
622352
54426
460508
357751
260297
460510
24282
24284
200237
213934
59686
761233
740738
244612
247367
245425
24299
630691
326727
326728
247884
40236
251000
251003
735870
58283
547284
622438
460530
251206
253412
24323
24328
24325
24327
24481
263677
500866
58301
58620
58653
398264
257878
58928
24420
631595
491415
11310
24359
24348
24520
315515
59380
77128
460593
357760
326761
315128
498136
498175
59659
498151
498149
24355
24382
622486
59899
638583
622490
528820
460555
133424
11378
17417
568035
275210
24391
243887
24395
633160
171563
171565
335821
24364
236879
27682
27528
118901
118907
622519
460610
280435
60886
401205
749791
749865
595806
244457
200915
628025
630008
171608
24394
